{
  "obj_id": 0,
  "canonical_img_H": 512,
  "canonical_img_W": 512,
  "num_views": 42,
  "views": [
    {
      "K": [
        [
          512.0,
          0.0,
          256.0
        ],
        [
          0.0,
          512.0,
          256.0
        ],
        [
          0.0,
          0.0,
          1.0
        ]
      ],
      "T_o2v": [
        [
          -1.0,
          0.0,
          0.0,
          -0.0
        ],
        [
          0.0,
          -1.0,
          0.0,
          -0.0
        ],
        [
          0.0,
          0.0,
          1.0,
          2.0
        ],
        [
          0.0,
          0.0,
          0.0,
          1.0
        ]
      ],
      "depth_path": "../data/PACE/models_rendered/obj_000000/depth_000000.png",
      "mask_path": "../data/PACE/models_rendered/obj_000000/mask_000000.png",
      "rgb_path": "../data/PACE/models_rendered/obj_000000/rgb_000000.png"
    },
    {
      "K": [
        [
          512.0,
          0.0,
          256.0
        ],
        [
          0.0,
          512.0,
          256.0
        ],
        [
          0.0,
          0.0,
          1.0
        ]
      ],
      "T_o2v": [
        [
          0.9510580534211469,
          -0.3090122635475475,
          0.0,
          2.842170943040401e-17
        ],
        [
          0.2628626464812656,
          0.8090217326961737,
          -0.5257252753198635,
          -5.684341886080802e-17
        ],
        [
          0.1624555573307486,
          0.49999525698000574,
          0.8506544156647009,
          2.0
        ],
        [
          0.0,
          0.0,
          0.0,
          1.0
        ]
      ],
      "depth_path": "../data/PACE/models_rendered/obj_000000/depth_000001.png",
      "mask_path": "../data/PACE/models_rendered/obj_000000/mask_000001.png",
      "rgb_path": "../data/PACE/models_rendered/obj_000000/rgb_000001.png"
    },
    {
      "K": [
        [
          512.0,
          0.0,
          256.0
        ],
        [
          0.0,
          512.0,
          256.0
        ],
        [
          0.0,
          0.0,
          1.0
        ]
      ],
      "T_o2v": [
        [
          -0.9510580534211469,
          -0.3090122635475475,
          -0.0,
          -2.842170943040401e-17
        ],
        [
          0.2628626464812656,
          -0.8090217326961737,
          -0.5257252753198635,
          -5.684341886080802e-17
        ],
        [
          0.1624555573307486,
          -0.49999525698000574,
          0.8506544156647009,
          2.0
        ],
        [
          0.0,
          0.0,
          0.0,
          1.0
        ]
      ],
      "depth_path": "../data/PACE/models_rendered/obj_000000/depth_000002.png",
      "mask_path": "../data/PACE/models_rendered/obj_000000/mask_000002.png",
      "rgb_path": "../data/PACE/models_rendered/obj_000000/rgb_000002.png"
    },
    {
      "K": [
        [
          512.0,
          0.0,
          256.0
        ],
        [
          0.0,
          512.0,
          256.0
        ],
        [
          0.0,
          0.0,
          1.0
        ]
      ],
      "T_o2v": [
        [
          -0.5877807497417306,
          0.8090202656504032,
          0.0,
          2.842170943040401e-17
        ],
        [
          -0.6881964846050354,
          -0.49999816180818485,
          -0.5257256287891124,
          5.684341886080802e-17
        ],
        [
          -0.425322687862193,
          -0.30901140424810725,
          0.8506541972119414,
          2.0
        ],
        [
          0.0,
          0.0,
          0.0,
          1.0
        ]
      ],
      "depth_path": "../data/PACE/models_rendered/obj_000000/depth_000003.png",
      "mask_path": "../data/PACE/models_rendered/obj_000000/mask_000003.png",
      "rgb_path": "../data/PACE/models_rendered/obj_000000/rgb_000003.png"
    },
    {
      "K": [
        [
          512.0,
          0.0,
          256.0
        ],
        [
          0.0,
          512.0,
          256.0
        ],
        [
          0.0,
          0.0,
          1.0
        ]
      ],
      "T_o2v": [
        [
          0.5877807497417306,
          0.8090202656504032,
          0.0,
          -2.842170943040401e-17
        ],
        [
          -0.6881964846050354,
          0.49999816180818485,
          -0.5257256287891124,
          5.684341886080802e-17
        ],
        [
          -0.425322687862193,
          0.30901140424810725,
          0.8506541972119414,
          2.0
        ],
        [
          0.0,
          0.0,
          0.0,
          1.0
        ]
      ],
      "depth_path": "../data/PACE/models_rendered/obj_000000/depth_000004.png",
      "mask_path": "../data/PACE/models_rendered/obj_000000/mask_000004.png",
      "rgb_path": "../data/PACE/models_rendered/obj_000000/rgb_000004.png"
    },
    {
      "K": [
        [
          512.0,
          0.0,
          256.0
        ],
        [
          0.0,
          512.0,
          256.0
        ],
        [
          0.0,
          0.0,
          1.0
        ]
      ],
      "T_o2v": [
        [
          0.0,
          -1.0,
          0.0,
          -0.0
        ],
        [
          0.850651647447956,
          0.0,
          -0.5257297544309991,
          1.1368683772161603e-16
        ],
        [
          0.5257297544309991,
          0.0,
          0.850651647447956,
          2.0
        ],
        [
          0.0,
          0.0,
          0.0,
          1.0
        ]
      ],
      "depth_path": "../data/PACE/models_rendered/obj_000000/depth_000005.png",
      "mask_path": "../data/PACE/models_rendered/obj_000000/mask_000005.png",
      "rgb_path": "../data/PACE/models_rendered/obj_000000/rgb_000005.png"
    },
    {
      "K": [
        [
          512.0,
          0.0,
          256.0
        ],
        [
          0.0,
          512.0,
          256.0
        ],
        [
          0.0,
          0.0,
          1.0
        ]
      ],
      "T_o2v": [
        [
          -0.9510547867761635,
          0.30902231723638707,
          0.0,
          -2.842170943040401e-17
        ],
        [
          -0.16246467146755925,
          -0.500005322796943,
          -0.8506467584724361,
          -0.0
        ],
        [
          -0.2628688324527734,
          -0.8090116715008373,
          0.5257376649055469,
          2.0
        ],
        [
          0.0,
          0.0,
          0.0,
          1.0
        ]
      ],
      "depth_path": "../data/PACE/models_rendered/obj_000000/depth_000006.png",
      "mask_path": "../data/PACE/models_rendered/obj_000000/mask_000006.png",
      "rgb_path": "../data/PACE/models_rendered/obj_000000/rgb_000006.png"
    },
    {
      "K": [
        [
          512.0,
          0.0,
          256.0
        ],
        [
          0.0,
          512.0,
          256.0
        ],
        [
          0.0,
          0.0,
          1.0
        ]
      ],
      "T_o2v": [
        [
          0.9510547867761635,
          0.30902231723638707,
          0.0,
          2.842170943040401e-17
        ],
        [
          -0.16246467146755925,
          0.500005322796943,
          -0.8506467584724361,
          -0.0
        ],
        [
          -0.2628688324527734,
          0.8090116715008373,
          0.5257376649055469,
          2.0
        ],
        [
          0.0,
          0.0,
          0.0,
          1.0
        ]
      ],
      "depth_path": "../data/PACE/models_rendered/obj_000000/depth_000007.png",
      "mask_path": "../data/PACE/models_rendered/obj_000000/mask_000007.png",
      "rgb_path": "../data/PACE/models_rendered/obj_000000/rgb_000007.png"
    },
    {
      "K": [
        [
          512.0,
          0.0,
          256.0
        ],
        [
          0.0,
          512.0,
          256.0
        ],
        [
          0.0,
          0.0,
          1.0
        ]
      ],
      "T_o2v": [
        [
          0.5877837697273323,
          -0.8090180715194973,
          0.0,
          5.684341886080802e-17
        ],
        [
          0.42533006960915193,
          0.30901919313582465,
          -0.8506476768674314,
          5.684341886080802e-17
        ],
        [
          0.6881893430818298,
          0.49999689821893634,
          0.5257361789339231,
          2.0
        ],
        [
          0.0,
          0.0,
          0.0,
          1.0
        ]
      ],
      "depth_path": "../data/PACE/models_rendered/obj_000000/depth_000008.png",
      "mask_path": "../data/PACE/models_rendered/obj_000000/mask_000008.png",
      "rgb_path": "../data/PACE/models_rendered/obj_000000/rgb_000008.png"
    },
    {
      "K": [
        [
          512.0,
          0.0,
          256.0
        ],
        [
          0.0,
          512.0,
          256.0
        ],
        [
          0.0,
          0.0,
          1.0
        ]
      ],
      "T_o2v": [
        [
          -0.5877837697273323,
          -0.8090180715194973,
          -0.0,
          -5.684341886080802e-17
        ],
        [
          0.42533006960915193,
          -0.30901919313582465,
          -0.8506476768674314,
          5.684341886080802e-17
        ],
        [
          0.6881893430818298,
          -0.49999689821893634,
          0.5257361789339231,
          2.0
        ],
        [
          0.0,
          0.0,
          0.0,
          1.0
        ]
      ],
      "depth_path": "../data/PACE/models_rendered/obj_000000/depth_000009.png",
      "mask_path": "../data/PACE/models_rendered/obj_000000/mask_000009.png",
      "rgb_path": "../data/PACE/models_rendered/obj_000000/rgb_000009.png"
    },
    {
      "K": [
        [
          512.0,
          0.0,
          256.0
        ],
        [
          0.0,
          512.0,
          256.0
        ],
        [
          0.0,
          0.0,
          1.0
        ]
      ],
      "T_o2v": [
        [
          0.0,
          1.0,
          0.0,
          -0.0
        ],
        [
          -0.5257359028312409,
          0.0,
          -0.8506478475104843,
          -0.0
        ],
        [
          -0.8506478475104842,
          0.0,
          0.5257359028312408,
          2.0
        ],
        [
          0.0,
          0.0,
          0.0,
          1.0
        ]
      ],
      "depth_path": "../data/PACE/models_rendered/obj_000000/depth_000010.png",
      "mask_path": "../data/PACE/models_rendered/obj_000000/mask_000010.png",
      "rgb_path": "../data/PACE/models_rendered/obj_000000/rgb_000010.png"
    },
    {
      "K": [
        [
          512.0,
          0.0,
          256.0
        ],
        [
          0.0,
          512.0,
          256.0
        ],
        [
          0.0,
          0.0,
          1.0
        ]
      ],
      "T_o2v": [
        [
          0.9510580516105515,
          -0.3090122691200813,
          0.0,
          -5.684341886080802e-17
        ],
        [
          0.13819641637128674,
          0.4253320260321511,
          -0.89442407063625,
          -0.0
        ],
        [
          0.2763880116229275,
          0.8506492139328903,
          0.4472198361728609,
          2.0
        ],
        [
          0.0,
          0.0,
          0.0,
          1.0
        ]
      ],
      "depth_path": "../data/PACE/models_rendered/obj_000000/depth_000011.png",
      "mask_path": "../data/PACE/models_rendered/obj_000000/mask_000011.png",
      "rgb_path": "../data/PACE/models_rendered/obj_000000/rgb_000011.png"
    },
    {
      "K": [
        [
          512.0,
          0.0,
          256.0
        ],
        [
          0.0,
          512.0,
          256.0
        ],
        [
          0.0,
          0.0,
          1.0
        ]
      ],
      "T_o2v": [
        [
          -0.9510580516105515,
          -0.3090122691200813,
          -0.0,
          5.684341886080802e-17
        ],
        [
          0.13819641637128674,
          -0.4253320260321511,
          -0.89442407063625,
          -0.0
        ],
        [
          0.2763880116229275,
          -0.8506492139328903,
          0.4472198361728609,
          2.0
        ],
        [
          0.0,
          0.0,
          0.0,
          1.0
        ]
      ],
      "depth_path": "../data/PACE/models_rendered/obj_000000/depth_000012.png",
      "mask_path": "../data/PACE/models_rendered/obj_000000/mask_000012.png",
      "rgb_path": "../data/PACE/models_rendered/obj_000000/rgb_000012.png"
    },
    {
      "K": [
        [
          512.0,
          0.0,
          256.0
        ],
        [
          0.0,
          512.0,
          256.0
        ],
        [
          0.0,
          0.0,
          1.0
        ]
      ],
      "T_o2v": [
        [
          -0.5877807349587,
          0.8090202763907778,
          0.0,
          -0.0
        ],
        [
          -0.3618096742091508,
          -0.262867028711033,
          -0.8944242197443566,
          5.684341886080802e-17
        ],
        [
          -0.7236073294681852,
          -0.5257253252461997,
          0.4472195379617251,
          2.0
        ],
        [
          0.0,
          0.0,
          0.0,
          1.0
        ]
      ],
      "depth_path": "../data/PACE/models_rendered/obj_000000/depth_000013.png",
      "mask_path": "../data/PACE/models_rendered/obj_000000/mask_000013.png",
      "rgb_path": "../data/PACE/models_rendered/obj_000000/rgb_000013.png"
    },
    {
      "K": [
        [
          512.0,
          0.0,
          256.0
        ],
        [
          0.0,
          512.0,
          256.0
        ],
        [
          0.0,
          0.0,
          1.0
        ]
      ],
      "T_o2v": [
        [
          0.5877807349587,
          0.8090202763907778,
          0.0,
          -0.0
        ],
        [
          -0.3618096742091508,
          0.262867028711033,
          -0.8944242197443566,
          5.684341886080802e-17
        ],
        [
          -0.7236073294681852,
          0.5257253252461997,
          0.4472195379617251,
          2.0
        ],
        [
          0.0,
          0.0,
          0.0,
          1.0
        ]
      ],
      "depth_path": "../data/PACE/models_rendered/obj_000000/depth_000014.png",
      "mask_path": "../data/PACE/models_rendered/obj_000000/mask_000014.png",
      "rgb_path": "../data/PACE/models_rendered/obj_000000/rgb_000014.png"
    },
    {
      "K": [
        [
          512.0,
          0.0,
          256.0
        ],
        [
          0.0,
          512.0,
          256.0
        ],
        [
          0.0,
          0.0,
          1.0
        ]
      ],
      "T_o2v": [
        [
          0.0,
          -1.0,
          0.0,
          -0.0
        ],
        [
          0.44721559821481854,
          0.0,
          -0.8944261896396829,
          5.684341886080802e-17
        ],
        [
          0.8944261896396829,
          0.0,
          0.44721559821481854,
          2.0
        ],
        [
          0.0,
          0.0,
          0.0,
          1.0
        ]
      ],
      "depth_path": "../data/PACE/models_rendered/obj_000000/depth_000015.png",
      "mask_path": "../data/PACE/models_rendered/obj_000000/mask_000015.png",
      "rgb_path": "../data/PACE/models_rendered/obj_000000/rgb_000015.png"
    },
    {
      "K": [
        [
          512.0,
          0.0,
          256.0
        ],
        [
          0.0,
          512.0,
          256.0
        ],
        [
          0.0,
          0.0,
          1.0
        ]
      ],
      "T_o2v": [
        [
          0.8090167281328587,
          -0.587785618743096,
          0.0,
          5.684341886080802e-17
        ],
        [
          0.0,
          0.0,
          -1.0,
          -0.0
        ],
        [
          0.587785618743096,
          0.8090167281328587,
          0.0,
          2.0
        ],
        [
          0.0,
          0.0,
          0.0,
          1.0
        ]
      ],
      "depth_path": "../data/PACE/models_rendered/obj_000000/depth_000016.png",
      "mask_path": "../data/PACE/models_rendered/obj_000000/mask_000016.png",
      "rgb_path": "../data/PACE/models_rendered/obj_000000/rgb_000016.png"
    },
    {
      "K": [
        [
          512.0,
          0.0,
          256.0
        ],
        [
          0.0,
          512.0,
          256.0
        ],
        [
          0.0,
          0.0,
          1.0
        ]
      ],
      "T_o2v": [
        [
          0.30901264684414187,
          -0.9510579288825564,
          0.0,
          5.684341886080802e-17
        ],
        [
          0.0,
          0.0,
          -1.0,
          -0.0
        ],
        [
          0.9510579288825564,
          0.30901264684414187,
          0.0,
          2.0
        ],
        [
          0.0,
          0.0,
          0.0,
          1.0
        ]
      ],
      "depth_path": "../data/PACE/models_rendered/obj_000000/depth_000017.png",
      "mask_path": "../data/PACE/models_rendered/obj_000000/mask_000017.png",
      "rgb_path": "../data/PACE/models_rendered/obj_000000/rgb_000017.png"
    },
    {
      "K": [
        [
          512.0,
          0.0,
          256.0
        ],
        [
          0.0,
          512.0,
          256.0
        ],
        [
          0.0,
          0.0,
          1.0
        ]
      ],
      "T_o2v": [
        [
          -0.30901264684414187,
          -0.9510579288825564,
          -0.0,
          -5.684341886080802e-17
        ],
        [
          0.0,
          0.0,
          -1.0,
          -0.0
        ],
        [
          0.9510579288825564,
          -0.30901264684414187,
          0.0,
          2.0
        ],
        [
          0.0,
          0.0,
          0.0,
          1.0
        ]
      ],
      "depth_path": "../data/PACE/models_rendered/obj_000000/depth_000018.png",
      "mask_path": "../data/PACE/models_rendered/obj_000000/mask_000018.png",
      "rgb_path": "../data/PACE/models_rendered/obj_000000/rgb_000018.png"
    },
    {
      "K": [
        [
          512.0,
          0.0,
          256.0
        ],
        [
          0.0,
          512.0,
          256.0
        ],
        [
          0.0,
          0.0,
          1.0
        ]
      ],
      "T_o2v": [
        [
          -0.8090167281328587,
          -0.587785618743096,
          -0.0,
          -5.684341886080802e-17
        ],
        [
          0.0,
          0.0,
          -1.0,
          -0.0
        ],
        [
          0.587785618743096,
          -0.8090167281328587,
          0.0,
          2.0
        ],
        [
          0.0,
          0.0,
          0.0,
          1.0
        ]
      ],
      "depth_path": "../data/PACE/models_rendered/obj_000000/depth_000019.png",
      "mask_path": "../data/PACE/models_rendered/obj_000000/mask_000019.png",
      "rgb_path": "../data/PACE/models_rendered/obj_000000/rgb_000019.png"
    },
    {
      "K": [
        [
          512.0,
          0.0,
          256.0
        ],
        [
          0.0,
          512.0,
          256.0
        ],
        [
          0.0,
          0.0,
          1.0
        ]
      ],
      "T_o2v": [
        [
          -1.0,
          -0.0,
          -0.0,
          -0.0
        ],
        [
          0.0,
          0.0,
          -1.0,
          -0.0
        ],
        [
          0.0,
          -1.0,
          0.0,
          2.0
        ],
        [
          0.0,
          0.0,
          0.0,
          1.0
        ]
      ],
      "depth_path": "../data/PACE/models_rendered/obj_000000/depth_000020.png",
      "mask_path": "../data/PACE/models_rendered/obj_000000/mask_000020.png",
      "rgb_path": "../data/PACE/models_rendered/obj_000000/rgb_000020.png"
    },
    {
      "K": [
        [
          512.0,
          0.0,
          256.0
        ],
        [
          0.0,
          512.0,
          256.0
        ],
        [
          0.0,
          0.0,
          1.0
        ]
      ],
      "T_o2v": [
        [
          -0.8090167281328587,
          0.587785618743096,
          0.0,
          5.684341886080802e-17
        ],
        [
          -0.0,
          0.0,
          -1.0,
          -0.0
        ],
        [
          -0.587785618743096,
          -0.8090167281328587,
          0.0,
          2.0
        ],
        [
          0.0,
          0.0,
          0.0,
          1.0
        ]
      ],
      "depth_path": "../data/PACE/models_rendered/obj_000000/depth_000021.png",
      "mask_path": "../data/PACE/models_rendered/obj_000000/mask_000021.png",
      "rgb_path": "../data/PACE/models_rendered/obj_000000/rgb_000021.png"
    },
    {
      "K": [
        [
          512.0,
          0.0,
          256.0
        ],
        [
          0.0,
          512.0,
          256.0
        ],
        [
          0.0,
          0.0,
          1.0
        ]
      ],
      "T_o2v": [
        [
          -0.30901264684414187,
          0.9510579288825564,
          0.0,
          5.684341886080802e-17
        ],
        [
          -0.0,
          0.0,
          -1.0,
          -0.0
        ],
        [
          -0.9510579288825564,
          -0.30901264684414187,
          0.0,
          2.0
        ],
        [
          0.0,
          0.0,
          0.0,
          1.0
        ]
      ],
      "depth_path": "../data/PACE/models_rendered/obj_000000/depth_000022.png",
      "mask_path": "../data/PACE/models_rendered/obj_000000/mask_000022.png",
      "rgb_path": "../data/PACE/models_rendered/obj_000000/rgb_000022.png"
    },
    {
      "K": [
        [
          512.0,
          0.0,
          256.0
        ],
        [
          0.0,
          512.0,
          256.0
        ],
        [
          0.0,
          0.0,
          1.0
        ]
      ],
      "T_o2v": [
        [
          0.30901264684414187,
          0.9510579288825564,
          0.0,
          -5.684341886080802e-17
        ],
        [
          0.0,
          0.0,
          -1.0,
          -0.0
        ],
        [
          -0.9510579288825564,
          0.30901264684414187,
          0.0,
          2.0
        ],
        [
          0.0,
          0.0,
          0.0,
          1.0
        ]
      ],
      "depth_path": "../data/PACE/models_rendered/obj_000000/depth_000023.png",
      "mask_path": "../data/PACE/models_rendered/obj_000000/mask_000023.png",
      "rgb_path": "../data/PACE/models_rendered/obj_000000/rgb_000023.png"
    },
    {
      "K": [
        [
          512.0,
          0.0,
          256.0
        ],
        [
          0.0,
          512.0,
          256.0
        ],
        [
          0.0,
          0.0,
          1.0
        ]
      ],
      "T_o2v": [
        [
          0.8090167281328587,
          0.587785618743096,
          0.0,
          -5.684341886080802e-17
        ],
        [
          0.0,
          0.0,
          -1.0,
          -0.0
        ],
        [
          -0.587785618743096,
          0.8090167281328587,
          0.0,
          2.0
        ],
        [
          0.0,
          0.0,
          0.0,
          1.0
        ]
      ],
      "depth_path": "../data/PACE/models_rendered/obj_000000/depth_000024.png",
      "mask_path": "../data/PACE/models_rendered/obj_000000/mask_000024.png",
      "rgb_path": "../data/PACE/models_rendered/obj_000000/rgb_000024.png"
    },
    {
      "K": [
        [
          512.0,
          0.0,
          256.0
        ],
        [
          0.0,
          512.0,
          256.0
        ],
        [
          0.0,
          0.0,
          1.0
        ]
      ],
      "T_o2v": [
        [
          1.0,
          -0.0,
          0.0,
          -0.0
        ],
        [
          0.0,
          0.0,
          -1.0,
          -0.0
        ],
        [
          0.0,
          1.0,
          0.0,
          2.0
        ],
        [
          0.0,
          0.0,
          0.0,
          1.0
        ]
      ],
      "depth_path": "../data/PACE/models_rendered/obj_000000/depth_000025.png",
      "mask_path": "../data/PACE/models_rendered/obj_000000/mask_000025.png",
      "rgb_path": "../data/PACE/models_rendered/obj_000000/rgb_000025.png"
    },
    {
      "K": [
        [
          512.0,
          0.0,
          256.0
        ],
        [
          0.0,
          512.0,
          256.0
        ],
        [
          0.0,
          0.0,
          1.0
        ]
      ],
      "T_o2v": [
        [
          0.0,
          1.0,
          0.0,
          -0.0
        ],
        [
          0.44721559821481854,
          0.0,
          -0.8944261896396829,
          -5.684341886080802e-17
        ],
        [
          -0.8944261896396829,
          0.0,
          -0.44721559821481854,
          2.0
        ],
        [
          0.0,
          0.0,
          0.0,
          1.0
        ]
      ],
      "depth_path": "../data/PACE/models_rendered/obj_000000/depth_000026.png",
      "mask_path": "../data/PACE/models_rendered/obj_000000/mask_000026.png",
      "rgb_path": "../data/PACE/models_rendered/obj_000000/rgb_000026.png"
    },
    {
      "K": [
        [
          512.0,
          0.0,
          256.0
        ],
        [
          0.0,
          512.0,
          256.0
        ],
        [
          0.0,
          0.0,
          1.0
        ]
      ],
      "T_o2v": [
        [
          0.5877807349587,
          -0.8090202763907778,
          0.0,
          -0.0
        ],
        [
          -0.3618096742091508,
          -0.262867028711033,
          -0.8944242197443566,
          -5.684341886080802e-17
        ],
        [
          0.7236073294681852,
          0.5257253252461997,
          -0.4472195379617251,
          2.0
        ],
        [
          0.0,
          0.0,
          0.0,
          1.0
        ]
      ],
      "depth_path": "../data/PACE/models_rendered/obj_000000/depth_000027.png",
      "mask_path": "../data/PACE/models_rendered/obj_000000/mask_000027.png",
      "rgb_path": "../data/PACE/models_rendered/obj_000000/rgb_000027.png"
    },
    {
      "K": [
        [
          512.0,
          0.0,
          256.0
        ],
        [
          0.0,
          512.0,
          256.0
        ],
        [
          0.0,
          0.0,
          1.0
        ]
      ],
      "T_o2v": [
        [
          -0.5877807349587,
          -0.8090202763907778,
          -0.0,
          -0.0
        ],
        [
          -0.3618096742091508,
          0.262867028711033,
          -0.8944242197443566,
          -5.684341886080802e-17
        ],
        [
          0.7236073294681852,
          -0.5257253252461997,
          -0.4472195379617251,
          2.0
        ],
        [
          0.0,
          0.0,
          0.0,
          1.0
        ]
      ],
      "depth_path": "../data/PACE/models_rendered/obj_000000/depth_000028.png",
      "mask_path": "../data/PACE/models_rendered/obj_000000/mask_000028.png",
      "rgb_path": "../data/PACE/models_rendered/obj_000000/rgb_000028.png"
    },
    {
      "K": [
        [
          512.0,
          0.0,
          256.0
        ],
        [
          0.0,
          512.0,
          256.0
        ],
        [
          0.0,
          0.0,
          1.0
        ]
      ],
      "T_o2v": [
        [
          -0.9510580516105515,
          0.3090122691200813,
          0.0,
          -5.684341886080802e-17
        ],
        [
          0.13819641637128674,
          0.4253320260321511,
          -0.89442407063625,
          -0.0
        ],
        [
          -0.2763880116229275,
          -0.8506492139328903,
          -0.4472198361728609,
          2.0
        ],
        [
          0.0,
          0.0,
          0.0,
          1.0
        ]
      ],
      "depth_path": "../data/PACE/models_rendered/obj_000000/depth_000029.png",
      "mask_path": "../data/PACE/models_rendered/obj_000000/mask_000029.png",
      "rgb_path": "../data/PACE/models_rendered/obj_000000/rgb_000029.png"
    },
    {
      "K": [
        [
          512.0,
          0.0,
          256.0
        ],
        [
          0.0,
          512.0,
          256.0
        ],
        [
          0.0,
          0.0,
          1.0
        ]
      ],
      "T_o2v": [
        [
          0.9510580516105515,
          0.3090122691200813,
          0.0,
          5.684341886080802e-17
        ],
        [
          0.13819641637128674,
          -0.4253320260321511,
          -0.89442407063625,
          -0.0
        ],
        [
          -0.2763880116229275,
          0.8506492139328903,
          -0.4472198361728609,
          2.0
        ],
        [
          0.0,
          0.0,
          0.0,
          1.0
        ]
      ],
      "depth_path": "../data/PACE/models_rendered/obj_000000/depth_000030.png",
      "mask_path": "../data/PACE/models_rendered/obj_000000/mask_000030.png",
      "rgb_path": "../data/PACE/models_rendered/obj_000000/rgb_000030.png"
    },
    {
      "K": [
        [
          512.0,
          0.0,
          256.0
        ],
        [
          0.0,
          512.0,
          256.0
        ],
        [
          0.0,
          0.0,
          1.0
        ]
      ],
      "T_o2v": [
        [
          0.0,
          -1.0,
          0.0,
          -0.0
        ],
        [
          -0.5257359028312409,
          -0.0,
          -0.8506478475104843,
          -0.0
        ],
        [
          0.8506478475104842,
          0.0,
          -0.5257359028312408,
          2.0
        ],
        [
          0.0,
          0.0,
          0.0,
          1.0
        ]
      ],
      "depth_path": "../data/PACE/models_rendered/obj_000000/depth_000031.png",
      "mask_path": "../data/PACE/models_rendered/obj_000000/mask_000031.png",
      "rgb_path": "../data/PACE/models_rendered/obj_000000/rgb_000031.png"
    },
    {
      "K": [
        [
          512.0,
          0.0,
          256.0
        ],
        [
          0.0,
          512.0,
          256.0
        ],
        [
          0.0,
          0.0,
          1.0
        ]
      ],
      "T_o2v": [
        [
          -0.5877837697273323,
          0.8090180715194973,
          0.0,
          5.684341886080802e-17
        ],
        [
          0.42533006960915193,
          0.30901919313582465,
          -0.8506476768674314,
          -5.684341886080802e-17
        ],
        [
          -0.6881893430818298,
          -0.49999689821893634,
          -0.5257361789339231,
          2.0
        ],
        [
          0.0,
          0.0,
          0.0,
          1.0
        ]
      ],
      "depth_path": "../data/PACE/models_rendered/obj_000000/depth_000032.png",
      "mask_path": "../data/PACE/models_rendered/obj_000000/mask_000032.png",
      "rgb_path": "../data/PACE/models_rendered/obj_000000/rgb_000032.png"
    },
    {
      "K": [
        [
          512.0,
          0.0,
          256.0
        ],
        [
          0.0,
          512.0,
          256.0
        ],
        [
          0.0,
          0.0,
          1.0
        ]
      ],
      "T_o2v": [
        [
          0.5877837697273323,
          0.8090180715194973,
          0.0,
          -5.684341886080802e-17
        ],
        [
          0.42533006960915193,
          -0.30901919313582465,
          -0.8506476768674314,
          -5.684341886080802e-17
        ],
        [
          -0.6881893430818298,
          0.49999689821893634,
          -0.5257361789339231,
          2.0
        ],
        [
          0.0,
          0.0,
          0.0,
          1.0
        ]
      ],
      "depth_path": "../data/PACE/models_rendered/obj_000000/depth_000033.png",
      "mask_path": "../data/PACE/models_rendered/obj_000000/mask_000033.png",
      "rgb_path": "../data/PACE/models_rendered/obj_000000/rgb_000033.png"
    },
    {
      "K": [
        [
          512.0,
          0.0,
          256.0
        ],
        [
          0.0,
          512.0,
          256.0
        ],
        [
          0.0,
          0.0,
          1.0
        ]
      ],
      "T_o2v": [
        [
          0.9510547867761635,
          -0.30902231723638707,
          0.0,
          -2.842170943040401e-17
        ],
        [
          -0.16246467146755925,
          -0.500005322796943,
          -0.8506467584724361,
          -0.0
        ],
        [
          0.2628688324527734,
          0.8090116715008373,
          -0.5257376649055469,
          2.0
        ],
        [
          0.0,
          0.0,
          0.0,
          1.0
        ]
      ],
      "depth_path": "../data/PACE/models_rendered/obj_000000/depth_000034.png",
      "mask_path": "../data/PACE/models_rendered/obj_000000/mask_000034.png",
      "rgb_path": "../data/PACE/models_rendered/obj_000000/rgb_000034.png"
    },
    {
      "K": [
        [
          512.0,
          0.0,
          256.0
        ],
        [
          0.0,
          512.0,
          256.0
        ],
        [
          0.0,
          0.0,
          1.0
        ]
      ],
      "T_o2v": [
        [
          -0.9510547867761635,
          -0.30902231723638707,
          -0.0,
          2.842170943040401e-17
        ],
        [
          -0.16246467146755925,
          0.500005322796943,
          -0.8506467584724361,
          -0.0
        ],
        [
          0.2628688324527734,
          -0.8090116715008373,
          -0.5257376649055469,
          2.0
        ],
        [
          0.0,
          0.0,
          0.0,
          1.0
        ]
      ],
      "depth_path": "../data/PACE/models_rendered/obj_000000/depth_000035.png",
      "mask_path": "../data/PACE/models_rendered/obj_000000/mask_000035.png",
      "rgb_path": "../data/PACE/models_rendered/obj_000000/rgb_000035.png"
    },
    {
      "K": [
        [
          512.0,
          0.0,
          256.0
        ],
        [
          0.0,
          512.0,
          256.0
        ],
        [
          0.0,
          0.0,
          1.0
        ]
      ],
      "T_o2v": [
        [
          0.0,
          1.0,
          0.0,
          -0.0
        ],
        [
          0.850651647447956,
          0.0,
          -0.5257297544309991,
          -1.1368683772161603e-16
        ],
        [
          -0.5257297544309991,
          0.0,
          -0.850651647447956,
          2.0
        ],
        [
          0.0,
          0.0,
          0.0,
          1.0
        ]
      ],
      "depth_path": "../data/PACE/models_rendered/obj_000000/depth_000036.png",
      "mask_path": "../data/PACE/models_rendered/obj_000000/mask_000036.png",
      "rgb_path": "../data/PACE/models_rendered/obj_000000/rgb_000036.png"
    },
    {
      "K": [
        [
          512.0,
          0.0,
          256.0
        ],
        [
          0.0,
          512.0,
          256.0
        ],
        [
          0.0,
          0.0,
          1.0
        ]
      ],
      "T_o2v": [
        [
          0.5877807497417306,
          -0.8090202656504032,
          0.0,
          2.842170943040401e-17
        ],
        [
          -0.6881964846050354,
          -0.49999816180818485,
          -0.5257256287891124,
          -5.684341886080802e-17
        ],
        [
          0.425322687862193,
          0.30901140424810725,
          -0.8506541972119414,
          2.0
        ],
        [
          0.0,
          0.0,
          0.0,
          1.0
        ]
      ],
      "depth_path": "../data/PACE/models_rendered/obj_000000/depth_000037.png",
      "mask_path": "../data/PACE/models_rendered/obj_000000/mask_000037.png",
      "rgb_path": "../data/PACE/models_rendered/obj_000000/rgb_000037.png"
    },
    {
      "K": [
        [
          512.0,
          0.0,
          256.0
        ],
        [
          0.0,
          512.0,
          256.0
        ],
        [
          0.0,
          0.0,
          1.0
        ]
      ],
      "T_o2v": [
        [
          -0.5877807497417306,
          -0.8090202656504032,
          -0.0,
          -2.842170943040401e-17
        ],
        [
          -0.6881964846050354,
          0.49999816180818485,
          -0.5257256287891124,
          -5.684341886080802e-17
        ],
        [
          0.425322687862193,
          -0.30901140424810725,
          -0.8506541972119414,
          2.0
        ],
        [
          0.0,
          0.0,
          0.0,
          1.0
        ]
      ],
      "depth_path": "../data/PACE/models_rendered/obj_000000/depth_000038.png",
      "mask_path": "../data/PACE/models_rendered/obj_000000/mask_000038.png",
      "rgb_path": "../data/PACE/models_rendered/obj_000000/rgb_000038.png"
    },
    {
      "K": [
        [
          512.0,
          0.0,
          256.0
        ],
        [
          0.0,
          512.0,
          256.0
        ],
        [
          0.0,
          0.0,
          1.0
        ]
      ],
      "T_o2v": [
        [
          -0.9510580534211468,
          0.3090122635475475,
          0.0,
          -0.0
        ],
        [
          0.2628626413906119,
          0.8090217170284871,
          -0.5257253019756889,
          5.684341886080802e-17
        ],
        [
          -0.16245556556772556,
          -0.4999952823312432,
          -0.850654399190747,
          2.0
        ],
        [
          0.0,
          0.0,
          0.0,
          1.0
        ]
      ],
      "depth_path": "../data/PACE/models_rendered/obj_000000/depth_000039.png",
      "mask_path": "../data/PACE/models_rendered/obj_000000/mask_000039.png",
      "rgb_path": "../data/PACE/models_rendered/obj_000000/rgb_000039.png"
    },
    {
      "K": [
        [
          512.0,
          0.0,
          256.0
        ],
        [
          0.0,
          512.0,
          256.0
        ],
        [
          0.0,
          0.0,
          1.0
        ]
      ],
      "T_o2v": [
        [
          0.9510580534211468,
          0.3090122635475475,
          0.0,
          -0.0
        ],
        [
          0.2628626413906119,
          -0.8090217170284871,
          -0.5257253019756889,
          5.684341886080802e-17
        ],
        [
          -0.16245556556772556,
          0.4999952823312432,
          -0.850654399190747,
          2.0
        ],
        [
          0.0,
          0.0,
          0.0,
          1.0
        ]
      ],
      "depth_path": "../data/PACE/models_rendered/obj_000000/depth_000040.png",
      "mask_path": "../data/PACE/models_rendered/obj_000000/mask_000040.png",
      "rgb_path": "../data/PACE/models_rendered/obj_000000/rgb_000040.png"
    },
    {
      "K": [
        [
          512.0,
          0.0,
          256.0
        ],
        [
          0.0,
          512.0,
          256.0
        ],
        [
          0.0,
          0.0,
          1.0
        ]
      ],
      "T_o2v": [
        [
          1.0,
          0.0,
          0.0,
          -0.0
        ],
        [
          0.0,
          -1.0,
          0.0,
          -0.0
        ],
        [
          0.0,
          0.0,
          -1.0,
          2.0
        ],
        [
          0.0,
          0.0,
          0.0,
          1.0
        ]
      ],
      "depth_path": "../data/PACE/models_rendered/obj_000000/depth_000041.png",
      "mask_path": "../data/PACE/models_rendered/obj_000000/mask_000041.png",
      "rgb_path": "../data/PACE/models_rendered/obj_000000/rgb_000041.png"
    }
  ]
}